0.000000000000000000e+00 1.734361399999999939e-04 2.171206100000000125e-02
4.000000000000000000e+00 1.867870400000000018e-04 5.411286499999999888e-01
8.000000000000000000e+00 1.950451000000000073e-04 1.744697699999999907e+00
1.200000000000000000e+01 2.013858200000000003e-04 3.617635100000000214e+00
1.600000000000000000e+01 2.067265799999999990e-04 6.141589200000000304e+00
2.000000000000000000e+01 2.114402600000000131e-04 9.295678499999999289e+00
2.400000000000000000e+01 2.157194399999999893e-04 1.305720099999999917e+01
2.800000000000000000e+01 2.196782300000000090e-04 1.740216399999999908e+01
3.200000000000000000e+01 2.233905899999999878e-04 2.230571000000000126e+01
3.600000000000000000e+01 2.269075399999999983e-04 2.774245499999999964e+01
4.000000000000000000e+01 2.302659900000000068e-04 3.368677199999999772e+01
4.400000000000000000e+01 2.334936699999999880e-04 4.011302500000000038e+01
4.800000000000000000e+01 2.366120000000000040e-04 4.699576400000000120e+01
5.200000000000000000e+01 2.396379399999999942e-04 5.430988200000000177e+01
5.600000000000000000e+01 2.425852000000000097e-04 6.203075100000000219e+01
6.000000000000000000e+01 2.454650699999999866e-04 7.013432500000000402e+01
6.400000000000000000e+01 2.482869299999999847e-04 7.859723099999999363e+01
6.800000000000000000e+01 2.510587500000000059e-04 8.739683200000000340e+01
7.200000000000000000e+01 2.537873299999999837e-04 9.651128599999999835e+01
7.600000000000000000e+01 2.564785500000000044e-04 1.059195699999999931e+02
8.000000000000000000e+01 2.591375199999999780e-04 1.156015400000000000e+02
8.400000000000000000e+01 2.617687700000000182e-04 1.255378999999999934e+02
8.800000000000000000e+01 2.643762900000000112e-04 1.357102399999999989e+02
9.200000000000000000e+01 2.669636399999999890e-04 1.461010400000000118e+02
9.600000000000000000e+01 2.695340299999999731e-04 1.566936499999999910e+02
1.000000000000000000e+02 2.720903500000000164e-04 1.674722800000000120e+02
1.040000000000000000e+02 2.746352399999999784e-04 1.784219899999999939e+02
1.080000000000000000e+02 2.771711200000000013e-04 1.895286600000000021e+02
1.120000000000000000e+02 2.797001800000000079e-04 2.007789999999999964e+02
1.160000000000000000e+02 2.822244800000000067e-04 2.121604700000000037e+02
1.200000000000000000e+02 2.847459000000000210e-04 2.236613099999999861e+02
1.240000000000000000e+02 2.872662199999999853e-04 2.352704600000000141e+02
1.280000000000000000e+02 2.897870899999999746e-04 2.469775899999999922e+02
1.320000000000000000e+02 2.923100599999999753e-04 2.587730000000000246e+02
1.360000000000000000e+02 2.948365799999999939e-04 2.706476599999999735e+02
1.400000000000000000e+02 2.973680500000000200e-04 2.825931400000000053e+02
1.440000000000000000e+02 2.999057800000000233e-04 2.946015699999999811e+02
1.480000000000000000e+02 3.024510300000000105e-04 3.066656699999999773e+02
1.520000000000000000e+02 3.050049899999999971e-04 3.187786300000000210e+02
1.560000000000000000e+02 3.075688200000000101e-04 3.309341699999999946e+02
1.600000000000000000e+02 3.101436199999999910e-04 3.431264699999999834e+02
1.640000000000000000e+02 3.127304700000000152e-04 3.553501400000000103e+02
1.680000000000000000e+02 3.153303999999999786e-04 3.676001999999999725e+02
1.720000000000000000e+02 3.179444299999999797e-04 3.798720700000000079e+02
1.760000000000000000e+02 3.205735199999999773e-04 3.921615300000000275e+02
1.800000000000000000e+02 3.232186399999999985e-04 4.044647100000000250e+02
1.840000000000000000e+02 3.258807299999999735e-04 4.167780500000000075e+02
1.880000000000000000e+02 3.285607000000000067e-04 4.290982900000000200e+02
1.920000000000000000e+02 3.312594599999999856e-04 4.414224500000000262e+02
1.960000000000000000e+02 3.339779100000000002e-04 4.537478399999999965e+02
2.000000000000000000e+02 3.367169300000000037e-04 4.660719599999999900e+02
2.040000000000000000e+02 3.394773899999999891e-04 4.783925899999999842e+02
2.080000000000000000e+02 3.422601600000000038e-04 4.907076999999999884e+02
2.120000000000000000e+02 3.450661000000000266e-04 5.030154400000000123e+02
2.160000000000000000e+02 3.478960699999999822e-04 5.153141799999999648e+02
2.200000000000000000e+02 3.507509199999999977e-04 5.276024099999999635e+02
2.240000000000000000e+02 3.536315300000000264e-04 5.398788299999999936e+02
2.280000000000000000e+02 3.565387400000000185e-04 5.521422499999999900e+02
2.320000000000000000e+02 3.594734100000000071e-04 5.643916199999999890e+02
2.360000000000000000e+02 3.624364099999999853e-04 5.766260200000000395e+02
2.400000000000000000e+02 3.654286100000000005e-04 5.888446500000000015e+02
2.440000000000000000e+02 3.684508799999999915e-04 6.010467899999999872e+02
2.480000000000000000e+02 3.715041099999999799e-04 6.132318500000000085e+02
2.520000000000000000e+02 3.745891899999999873e-04 6.253992899999999509e+02
2.560000000000000000e+02 3.777070199999999953e-04 6.375487000000000535e+02
2.600000000000000000e+02 3.808585099999999999e-04 6.496797000000000253e+02
2.640000000000000000e+02 3.840445800000000113e-04 6.617920000000000300e+02
2.680000000000000000e+02 3.872661799999999738e-04 6.738853800000000547e+02
2.720000000000000000e+02 3.905242499999999803e-04 6.859596500000000106e+02
2.760000000000000000e+02 3.938197600000000040e-04 6.980146999999999480e+02
2.800000000000000000e+02 3.971536899999999776e-04 7.100504499999999553e+02
2.840000000000000000e+02 4.005270400000000256e-04 7.220668699999999944e+02
2.880000000000000000e+02 4.039408299999999751e-04 7.340639599999999518e+02
2.920000000000000000e+02 4.073961100000000218e-04 7.460417700000000423e+02
2.960000000000000000e+02 4.108939100000000072e-04 7.580003699999999753e+02
3.000000000000000000e+02 4.144353299999999811e-04 7.699398700000000417e+02
3.040000000000000000e+02 4.180214800000000078e-04 7.818603900000000522e+02
3.080000000000000000e+02 4.216534699999999886e-04 7.937620699999999943e+02
3.120000000000000000e+02 4.253324700000000189e-04 8.056450999999999567e+02
3.160000000000000000e+02 4.290596499999999773e-04 8.175096600000000535e+02
3.200000000000000000e+02 4.328362200000000163e-04 8.293559500000000071e+02
3.240000000000000000e+02 4.366634200000000057e-04 8.411841899999999441e+02
3.280000000000000000e+02 4.405425200000000208e-04 8.529946099999999660e+02
3.320000000000000000e+02 4.444748200000000170e-04 8.647874600000000100e+02
3.360000000000000000e+02 4.484616600000000067e-04 8.765629699999999502e+02
3.400000000000000000e+02 4.525044099999999910e-04 8.883214100000000144e+02
3.440000000000000000e+02 4.566044799999999736e-04 9.000630499999999756e+02
3.480000000000000000e+02 4.607632999999999868e-04 9.117881399999999985e+02
3.520000000000000000e+02 4.649823800000000141e-04 9.234969599999999446e+02
3.560000000000000000e+02 4.692632399999999994e-04 9.351897900000000163e+02
3.600000000000000000e+02 4.736074500000000118e-04 9.468668999999999869e+02
3.640000000000000000e+02 4.780166399999999892e-04 9.585285800000000336e+02
3.680000000000000000e+02 4.824924600000000063e-04 9.701751000000000431e+02
3.720000000000000000e+02 4.870366399999999808e-04 9.818067399999999907e+02
3.760000000000000000e+02 4.916509600000000101e-04 9.934237900000000536e+02
3.800000000000000000e+02 4.963372200000000034e-04 1.005026500000000055e+03
3.840000000000000000e+02 5.010973199999999581e-04 1.016615199999999959e+03
3.880000000000000000e+02 5.059332000000000369e-04 1.028190100000000029e+03
3.920000000000000000e+02 5.108468499999999860e-04 1.039751600000000053e+03
3.960000000000000000e+02 5.158403600000000195e-04 1.051299800000000005e+03
4.000000000000000000e+02 5.209158500000000145e-04 1.062835100000000011e+03
4.040000000000000000e+02 5.260755399999999908e-04 1.074357600000000048e+03
4.080000000000000000e+02 5.313216999999999853e-04 1.085867799999999988e+03
4.120000000000000000e+02 5.366567100000000290e-04 1.097365800000000036e+03
4.160000000000000000e+02 5.420829899999999929e-04 1.108851799999999912e+03
4.200000000000000000e+02 5.476030699999999592e-04 1.120326299999999947e+03
4.240000000000000000e+02 5.532195699999999756e-04 1.131789299999999912e+03
4.280000000000000000e+02 5.589351999999999472e-04 1.143241099999999960e+03
4.320000000000000000e+02 5.647527700000000298e-04 1.154682000000000016e+03
4.360000000000000000e+02 5.706751699999999513e-04 1.166112200000000030e+03
4.400000000000000000e+02 5.767054299999999642e-04 1.177531999999999925e+03
4.440000000000000000e+02 5.828466800000000302e-04 1.188941499999999905e+03
4.480000000000000000e+02 5.891021500000000362e-04 1.200340999999999894e+03
4.520000000000000000e+02 5.954752099999999606e-04 1.211730600000000095e+03
4.560000000000000000e+02 6.019693600000000210e-04 1.223110699999999952e+03
4.600000000000000000e+02 6.085882399999999843e-04 1.234481500000000096e+03
4.640000000000000000e+02 6.153356100000000051e-04 1.245843000000000075e+03
4.680000000000000000e+02 6.222154099999999523e-04 1.257195600000000013e+03
4.720000000000000000e+02 6.292317100000000430e-04 1.268539399999999887e+03
4.760000000000000000e+02 6.363887599999999917e-04 1.279874700000000075e+03
4.800000000000000000e+02 6.436909800000000263e-04 1.291201499999999896e+03
4.840000000000000000e+02 6.511429900000000092e-04 1.302520199999999932e+03
4.880000000000000000e+02 6.587495700000000308e-04 1.313830799999999954e+03
4.920000000000000000e+02 6.665157300000000215e-04 1.325133599999999888e+03
4.960000000000000000e+02 6.744466799999999799e-04 1.336428599999999960e+03
5.000000000000000000e+02 6.825478700000000296e-04 1.347716200000000072e+03
5.040000000000000000e+02 6.908249699999999575e-04 1.358996499999999969e+03
5.080000000000000000e+02 6.992839199999999894e-04 1.370269500000000107e+03
5.120000000000000000e+02 7.079309199999999627e-04 1.381535499999999956e+03
5.160000000000000000e+02 7.167724400000000454e-04 1.392794699999999921e+03
5.200000000000000000e+02 7.258152600000000341e-04 1.404047100000000000e+03
5.240000000000000000e+02 7.350664700000000048e-04 1.415292999999999893e+03
5.280000000000000000e+02 7.445334999999999757e-04 1.426532400000000052e+03
5.320000000000000000e+02 7.542241200000000161e-04 1.437765599999999949e+03
5.360000000000000000e+02 7.641464900000000462e-04 1.448992600000000039e+03
5.400000000000000000e+02 7.743091400000000259e-04 1.460213500000000067e+03
5.440000000000000000e+02 7.847210499999999599e-04 1.471428599999999960e+03
5.480000000000000000e+02 7.953916400000000464e-04 1.482637899999999945e+03
5.520000000000000000e+02 8.063307799999999866e-04 1.493841599999999971e+03
5.560000000000000000e+02 8.175488899999999943e-04 1.505039700000000039e+03
5.600000000000000000e+02 8.290568699999999918e-04 1.516232500000000073e+03
5.640000000000000000e+02 8.408662499999999861e-04 1.527420000000000073e+03
5.680000000000000000e+02 8.529891400000000519e-04 1.538602300000000014e+03
5.720000000000000000e+02 8.654382800000000233e-04 1.549779500000000098e+03
5.760000000000000000e+02 8.782271500000000302e-04 1.560951800000000048e+03
5.800000000000000000e+02 8.913699200000000473e-04 1.572119300000000067e+03
5.840000000000000000e+02 9.048815800000000256e-04 1.583281999999999925e+03
5.880000000000000000e+02 9.187779600000000289e-04 1.594440000000000055e+03
5.920000000000000000e+02 9.330757800000000343e-04 1.605593499999999949e+03
5.960000000000000000e+02 9.477927199999999774e-04 1.616742500000000064e+03
6.000000000000000000e+02 9.629475299999999639e-04 1.627887199999999893e+03
6.040000000000000000e+02 9.785600100000000235e-04 1.639027599999999893e+03
6.080000000000000000e+02 9.946511999999998934e-04 1.650163800000000037e+03
6.120000000000000000e+02 1.011243399999999914e-03 1.661296000000000049e+03
6.160000000000000000e+02 1.028360199999999933e-03 1.672424099999999953e+03
6.200000000000000000e+02 1.046026800000000086e-03 1.683548199999999952e+03
6.240000000000000000e+02 1.064269799999999905e-03 1.694668499999999995e+03
6.280000000000000000e+02 1.083117699999999999e-03 1.705785000000000082e+03
6.320000000000000000e+02 1.102600600000000009e-03 1.716897799999999961e+03
6.360000000000000000e+02 1.122750800000000106e-03 1.728007000000000062e+03
6.400000000000000000e+02 1.143602600000000061e-03 1.739112599999999929e+03
6.440000000000000000e+02 1.165192399999999927e-03 1.750214699999999993e+03
6.480000000000000000e+02 1.187559400000000060e-03 1.761313300000000027e+03
6.520000000000000000e+02 1.210745199999999902e-03 1.772408599999999979e+03
6.560000000000000000e+02 1.234794300000000098e-03 1.783500600000000077e+03
6.600000000000000000e+02 1.259754500000000036e-03 1.794589300000000094e+03
6.640000000000000000e+02 1.285676500000000090e-03 1.805674800000000005e+03
6.680000000000000000e+02 1.312615100000000083e-03 1.816757200000000012e+03
6.720000000000000000e+02 1.340628599999999946e-03 1.827836399999999912e+03
6.760000000000000000e+02 1.369779800000000061e-03 1.838912700000000086e+03
6.800000000000000000e+02 1.400135899999999925e-03 1.849985899999999901e+03
6.840000000000000000e+02 1.431769000000000054e-03 1.861056100000000015e+03
6.880000000000000000e+02 1.464756700000000023e-03 1.872123499999999922e+03
6.920000000000000000e+02 1.499182300000000048e-03 1.883187899999999900e+03
6.960000000000000000e+02 1.535135200000000040e-03 1.894249499999999898e+03
7.000000000000000000e+02 1.572711700000000096e-03 1.905308299999999917e+03
7.040000000000000000e+02 1.612015600000000050e-03 1.916364399999999932e+03
7.080000000000000000e+02 1.653158199999999909e-03 1.927417599999999993e+03
7.120000000000000000e+02 1.696259699999999896e-03 1.938468200000000024e+03
7.160000000000000000e+02 1.741449599999999936e-03 1.949516000000000076e+03
7.200000000000000000e+02 1.788867100000000009e-03 1.960561099999999897e+03
7.240000000000000000e+02 1.838662499999999976e-03 1.971603599999999915e+03
7.280000000000000000e+02 1.890997800000000003e-03 1.982643299999999954e+03
7.320000000000000000e+02 1.946047399999999931e-03 1.993680499999999938e+03
7.360000000000000000e+02 2.003999499999999968e-03 2.004714899999999943e+03
7.400000000000000000e+02 2.065056899999999883e-03 2.015746799999999894e+03
7.440000000000000000e+02 2.129438300000000093e-03 2.026775900000000092e+03
7.480000000000000000e+02 2.197379199999999807e-03 2.037802500000000009e+03
7.520000000000000000e+02 2.269133400000000137e-03 2.048826300000000174e+03
7.560000000000000000e+02 2.344974200000000172e-03 2.059847499999999854e+03
7.600000000000000000e+02 2.425195800000000054e-03 2.070865999999999985e+03
7.640000000000000000e+02 2.510114800000000194e-03 2.081881800000000112e+03
7.680000000000000000e+02 2.600071499999999976e-03 2.092894899999999780e+03
7.720000000000000000e+02 2.695431600000000073e-03 2.103905299999999897e+03
7.760000000000000000e+02 2.796587899999999991e-03 2.114912899999999809e+03
7.800000000000000000e+02 2.903961500000000213e-03 2.125917699999999968e+03
7.840000000000000000e+02 3.018003600000000210e-03 2.136919800000000123e+03
7.880000000000000000e+02 3.139197600000000025e-03 2.147918999999999869e+03
7.920000000000000000e+02 3.268059900000000115e-03 2.158915399999999863e+03
7.960000000000000000e+02 3.405142199999999959e-03 2.169909000000000106e+03
8.000000000000000000e+02 3.551032799999999812e-03 2.180899699999999939e+03
8.040000000000000000e+02 3.706358400000000011e-03 2.191887499999999818e+03
8.080000000000000000e+02 3.871785300000000086e-03 2.202872499999999945e+03
8.120000000000000000e+02 4.048020999999999738e-03 2.213854600000000119e+03
8.160000000000000000e+02 4.235815700000000218e-03 2.224833700000000135e+03
8.200000000000000000e+02 4.435963499999999969e-03 2.235809900000000198e+03
8.240000000000000000e+02 4.649303599999999800e-03 2.246783199999999852e+03
8.280000000000000000e+02 4.876721300000000196e-03 2.257753799999999956e+03
8.320000000000000000e+02 5.119149499999999658e-03 2.268721599999999853e+03
8.360000000000000000e+02 5.377568899999999978e-03 2.279685199999999895e+03
8.400000000000000000e+02 5.653008999999999638e-03 2.290648499999999785e+03
8.440000000000000000e+02 5.946549399999999895e-03 2.301608000000000175e+03
8.480000000000000000e+02 6.259319900000000041e-03 2.312562399999999798e+03
8.520000000000000000e+02 6.592504499999999636e-03 2.323515600000000177e+03
8.560000000000000000e+02 6.947330699999999630e-03 2.334467500000000200e+03
8.600000000000000000e+02 7.325081199999999848e-03 2.345416900000000169e+03
8.640000000000000000e+02 7.727090399999999963e-03 2.356363699999999881e+03
8.680000000000000000e+02 8.154744400000000365e-03 2.367308199999999943e+03
8.720000000000000000e+02 8.609481100000000026e-03 2.378250199999999950e+03
8.760000000000000000e+02 9.092789999999999900e-03 2.389190000000000055e+03
8.800000000000000000e+02 9.606212500000000862e-03 2.400127599999999802e+03
8.840000000000000000e+02 1.015134099999999949e-02 2.411063099999999849e+03
8.880000000000000000e+02 1.072981999999999929e-02 2.421996599999999944e+03
8.920000000000000000e+02 1.134334300000000052e-02 2.432928199999999833e+03
8.960000000000000000e+02 1.199365600000000011e-02 2.443857899999999972e+03
9.000000000000000000e+02 1.268255299999999919e-02 2.454785800000000108e+03
9.040000000000000000e+02 1.341187699999999913e-02 2.465712100000000191e+03
9.080000000000000000e+02 1.418352200000000049e-02 2.476636899999999969e+03
9.120000000000000000e+02 1.499942500000000026e-02 2.487560100000000148e+03
9.160000000000000000e+02 1.586157300000000034e-02 2.498481900000000223e+03
9.200000000000000000e+02 1.677199700000000029e-02 2.509402300000000196e+03
9.240000000000000000e+02 1.773277100000000134e-02 2.520321500000000015e+03
9.280000000000000000e+02 1.874601099999999992e-02 2.531239500000000135e+03
9.320000000000000000e+02 1.981387600000000110e-02 2.542156399999999849e+03
9.360000000000000000e+02 2.093856100000000137e-02 2.553072200000000066e+03
9.400000000000000000e+02 2.212229900000000152e-02 2.563987000000000080e+03
9.440000000000000000e+02 2.336735800000000127e-02 2.574900900000000092e+03
9.480000000000000000e+02 2.467603800000000083e-02 2.585813900000000103e+03
9.520000000000000000e+02 2.605066699999999957e-02 2.596726099999999860e+03
9.560000000000000000e+02 2.749360099999999946e-02 2.607637499999999818e+03
9.600000000000000000e+02 2.900722099999999970e-02 2.618548200000000179e+03
9.640000000000000000e+02 3.059392600000000045e-02 2.629458200000000033e+03
9.680000000000000000e+02 3.225613299999999933e-02 2.640367600000000039e+03
9.720000000000000000e+02 3.399627399999999994e-02 2.651276400000000194e+03
9.760000000000000000e+02 3.581678900000000165e-02 2.662184699999999793e+03
9.800000000000000000e+02 3.772012599999999966e-02 2.673092399999999998e+03
9.840000000000000000e+02 3.970873199999999659e-02 2.683999699999999848e+03
9.880000000000000000e+02 4.178505300000000255e-02 2.694906500000000051e+03
9.920000000000000000e+02 4.395152900000000307e-02 2.705812800000000152e+03
9.960000000000000000e+02 4.621058699999999742e-02 2.716718800000000101e+03
1.000000000000000000e+03 4.856463800000000025e-02 2.727624400000000151e+03
1.004000000000000000e+03 5.101607300000000206e-02 2.738529700000000048e+03
1.008000000000000000e+03 5.356725500000000112e-02 2.749434600000000046e+03
1.012000000000000000e+03 5.622051699999999763e-02 2.760339300000000094e+03
1.016000000000000000e+03 5.897815599999999686e-02 2.771243699999999990e+03
1.020000000000000000e+03 6.184242799999999790e-02 2.782147800000000188e+03
1.024000000000000000e+03 6.481554200000000376e-02 2.793051599999999780e+03
1.028000000000000000e+03 6.789965500000000320e-02 2.803955300000000079e+03
1.032000000000000000e+03 7.109686699999999415e-02 2.814858700000000226e+03
1.036000000000000000e+03 7.440921699999999972e-02 2.825761899999999969e+03
1.040000000000000000e+03 7.783867699999999501e-02 2.836664900000000216e+03
1.044000000000000000e+03 8.138714599999999355e-02 2.847567799999999806e+03
1.048000000000000000e+03 8.505644599999999389e-02 2.858470499999999902e+03
1.052000000000000000e+03 8.884831699999999610e-02 2.869373000000000047e+03
1.056000000000000000e+03 9.276441500000000284e-02 2.880275399999999991e+03
1.060000000000000000e+03 9.680630099999999738e-02 2.891177599999999984e+03
1.064000000000000000e+03 1.009754399999999996e-01 2.902079799999999977e+03
1.068000000000000000e+03 1.052732100000000059e-01 2.912981800000000021e+03
1.072000000000000000e+03 1.097008700000000059e-01 2.923883699999999862e+03
1.076000000000000000e+03 1.142595799999999995e-01 2.934785499999999956e+03
1.080000000000000000e+03 1.189503900000000031e-01 2.945687199999999848e+03
1.084000000000000000e+03 1.237742200000000042e-01 2.956588799999999992e+03
1.088000000000000000e+03 1.287319100000000049e-01 2.967490299999999934e+03
1.092000000000000000e+03 1.338241500000000028e-01 2.978391700000000128e+03
1.096000000000000000e+03 1.390515099999999893e-01 2.989293099999999868e+03
1.100000000000000000e+03 1.444144599999999945e-01 3.000194399999999860e+03
